256
2
2
10464
218
192
14 14 
14 14 
17 18 
18 18 
22 20 
22 21 
24 21 
25 22 
24 25 
24 25 
26 26 
26 25 
27 26 
27 27 
27 27 
28 28 
29 29 
27 28 
30 30 
29 29 
28 32 
27 32 
30 33 
28 33 
32 29 
32 30 
34 31 
33 31 
30 31 
33 33 
32 32 
35 35 
35 35 
32 31 
38 36 
33 31 
36 34 
35 34 
39 38 
35 34 
34 35 
36 37 
37 37 
38 38 
32 40 
33 43 
34 43 
38 46 
41 40 
38 37 
44 42 
40 38 
41 43 
39 41 
44 45 
40 42 
44 37 
45 40 
46 41 
45 41 
44 45 
42 44 
46 47 
44 44 
43 40 
50 45 
44 43 
52 49 
51 45 
48 42 
52 46 
52 45 
47 51 
43 47 
48 56 
44 51 
50 50 
49 49 
51 53 
49 51 
49 49 
52 51 
52 51 
53 52 
55 53 
51 49 
57 53 
54 51 
51 53 
54 55 
55 55 
55 55 
51 50 
59 58 
53 54 
60 61 
55 59 
50 54 
55 64 
49 57 
58 58 
54 56 
61 64 
54 56 
59 57 
57 56 
60 58 
59 58 
60 59 
59 59 
61 59 
60 59 
58 59 
62 62 
59 60 
64 64 
63 62 
61 59 
64 63 
63 62 
56 68 
55 67 
62 71 
58 66 
61 64 
65 67 
63 67 
65 70 
70 61 
65 58 
72 65 
67 60 
67 65 
68 66 
71 67 
69 66 
67 68 
65 67 
68 70 
68 69 
72 73 
63 66 
73 74 
67 69 
67 66 
72 72 
68 66 
78 74 
71 72 
71 72 
72 72 
74 74 
76 71 
72 69 
76 75 
73 72 
83 73 
75 64 
82 76 
78 71 
69 79 
70 79 
66 85 
73 86 
74 74 
79 79 
76 78 
80 84 
79 80 
76 76 
82 81 
79 79 
80 87 
73 80 
83 88 
77 82 
83 78 
83 78 
84 81 
84 81 
86 84 
82 80 
91 87 
84 81 
85 65 
99 78 
86 61 
121 78 
74 75 
99 101 
86 81 
101 97 
85 88 
86 87 
87 91 
87 90 
92 90 
89 88 
93 93 
92 92 
80 99 
77 95 
90 100 
86 95 
63 119 
58 128 
83 114 
84 113 
99 95 
94 89 
100 97 
96 93 
111 85 
105 85 
113 94 
108 88 
98 98 
98 98 
101 100 
101 100 
102 105 
97 100 
103 104 
101 103 
103 101 
104 102 
105 105 
105 104 
103 93 
115 105 
109 102 
113 106 
106 113 
96 105 
109 111 
107 107 
99 118 
98 117 
102 123 
103 124 
118 112 
106 100 
124 115 
112 101 
117 116 
111 111 
122 121 
115 112 
106 101 
124 118 
110 107 
129 125 
130 103 
130 105 
134 113 
133 112 
118 125 
115 121 
121 126 
118 123 
124 133 
113 123 
125 133 
121 128 
120 118 
129 127 
129 119 
135 126 
112 121 
132 141 
126 120 
147 140 
134 130 
124 121 
138 133 
129 124 
135 131 
133 129 
139 136 
136 133 
143 145 
113 124 
138 151 
120 135 
147 146 
130 127 
148 152 
132 137 
121 137 
133 150 
125 141 
140 153 
140 141 
142 142 
140 146 
143 148 
147 139 
144 135 
155 141 
152 136 
153 153 
140 140 
164 155 
144 139 
142 132 
160 149 
145 141 
159 154 
151 150 
149 148 
155 153 
154 153 
129 148 
146 167 
137 150 
156 171 
146 155 
154 164 
147 160 
159 176 
156 160 
148 151 
161 158 
155 153 
166 169 
145 151 
169 170 
153 153 
156 146 
169 160 
159 147 
175 165 
164 159 
166 161 
166 157 
174 168 
162 164 
159 161 
167 172 
157 165 
163 164 
165 166 
168 168 
168 169 
176 169 
161 155 
182 174 
168 154 
174 167 
170 163 
178 170 
174 167 
156 172 
163 180 
160 177 
166 182 
170 173 
170 175 
170 177 
173 181 
178 180 
163 166 
182 182 
165 169 
178 177 
174 173 
184 181 
174 172 
168 159 
183 178 
173 163 
187 180 
169 167 
186 187 
172 171 
190 191 
178 176 
179 177 
182 179 
182 180 
181 174 
189 181 
186 175 
196 186 
183 182 
178 178 
185 185 
179 180 
189 193 
172 177 
194 198 
176 182 
184 183 
183 183 
186 185 
186 185 
191 187 
186 181 
194 192 
186 184 
179 184 
185 190 
185 187 
189 191 
189 188 
188 187 
191 190 
191 190 
175 186 
190 200 
183 192 
190 199 
185 188 
197 199 
187 193 
199 203 
195 193 
191 189 
203 197 
193 184 
194 195 
193 194 
198 197 
194 194 
196 192 
198 193 
198 197 
198 196 
198 195 
200 198 
200 197 
202 199 
201 203 
193 194 
204 206 
196 193 
199 201 
197 200 
202 204 
198 202 
201 202 
202 201 
204 203 
204 203 
209 208 
198 198 
210 210 
202 202 
191 199 
208 210 
193 205 
211 214 
207 202 
208 205 
211 195 
216 211 
206 208 
206 207 
209 211 
208 210 
202 205 
214 215 
206 208 
216 217 
214 210 
209 205 
216 211 
211 209 
217 215 
212 204 
219 215 
214 209 
213 213 
213 213 
214 215 
215 216 
217 218 
213 215 
219 218 
216 216 
212 215 
219 220 
211 216 
221 227 
218 217 
221 218 
218 219 
224 223 
222 221 
219 218 
224 223 
220 221 
222 222 
224 224 
222 223 
226 228 
226 225 
224 223 
229 226 
228 223 
231 230 
225 225 
233 233 
227 226 
228 229 
232 232 
233 233 
232 233 
234 235 
236 238 
249 247 
245 246 
255 234 140 91 78 100 140 195 165 134 126 125 124 157 228 236 233 191 170 200 197 188 163 169 205 230 209 166 153 177 244 209 167 167 179 201 213 213 211 228 214 206 212 183 182 210 212 197 200 201 210 203 175 168 166 170 178 188 166 158 159 205 212 203 197 172 137 114 144 159 186 186 182 172 127 110 116 130 147 133 95 83 101 144 158 170 179 201 190 171 171 178 179 195 251 255 249 126 94 94 95 94 94 120 181 185 152 153 176 207 229 223 217 189 178 205 207 191 153 176 225 248 191 179 204 231 232 202 201 206 207 215 220 213 202 211 219 219 214 185 179 201 210 202 203 213 215 203 188 167 171 200 197 196 188 179 204 210 198 181 181 167 153 157 187 225 221 202 172 137 107 96 96 118 147 164 135 125 134 158 178 179 201 210 203 175 171 171 188 186 194 254 173 94 104 86 71 97 119 157 176 198 169 178 205 222 219 198 189 201 205 230 231 227 206 225 244 235 214 206 218 223 211 198 192 199 216 221 221 212 202 207 226 211 208 203 206 210 212 203 210 218 221 215 207 191 200 202 192 192 189 205 213 198 174 148 160 169 182 179 213 209 194 193 166 133 114 98 89 118 158 171 166 164 158 171 188 196 202 203 203 190 178 179 200 194 190 216 191 125 104 64 80 119 159 190 173 185 158 176 183 181 193 196 205 213 219 247 252 247 242 233 229 236 226 213 210 215 198 175 178 192 202 218 221 212 203 228 232 203 196 201 208 210 218 226 226 228 229 229 221 215 214 189 174 179 201 202 193 192 167 164 147 147 168 180 173 151 142 150 168 153 135 125 125 156 170 171 174 178 178 178 196 201 203 203 203 202 188 182 200 191 197 201 173 140 126 73 100 176 234 174 171 179 167 200 212 188 196 196 203 208 216 217 235 250 244 236 233 215 211 216 211 208 197 190 187 200 205 213 215 218 220 229 226 203 197 203 203 210 218 223 223 222 222 222 221 220 212 201 186 179 197 182 168 168 169 174 155 158 170 170 153 138 122 128 141 160 154 147 154 168 161 150 160 168 179 178 201 210 212 202 203 202 188 188 197 203 203 202 148 79 141 135 119 225 227 207 230 241 241 241 231 224 206 201 206 197 200 204 231 249 242 242 226 213 203 202 193 201 224 231 231 230 221 220 211 218 221 229 226 212 202 197 208 198 198 199 202 198 197 202 194 202 210 218 203 203 202 174 158 164 168 170 170 187 187 204 185 164 133 122 128 139 143 142 143 143 136 129 147 170 179 200 210 214 215 212 212 198 188 196 201 210 210 203 149 95 90 176 204 254 209 194 188 180 222 245 248 247 242 231 231 215 224 241 250 244 246 235 220 220 215 214 207 225 237 244 244 235 226 213 203 218 228 236 228 215 203 196 192 188 192 197 196 189 189 189 200 207 221 220 215 213 208 174 171 188 171 171 178 205 220 221 202 167 152 132 128 146 146 138 136 123 117 131 158 186 205 214 220 221 221 220 214 197 189 197 210 213 213 210 157 135 125 159 252 249 151 157 195 191 188 199 217 223 235 238 233 236 240 247 233 241 244 222 210 219 237 237 236 236 237 240 238 236 226 220 212 210 211 219 221 226 212 196 188 188 192 197 196 200 201 206 226 221 216 216 216 208 203 185 178 182 178 200 201 210 208 183 181 172 161 137 144 154 154 148 136 122 128 145 177 210 218 220 221 228 228 228 221 212 201 203 210 218 213 213 158 163 159 225 251 173 159 175 182 199 207 224 225 241 243 231 231 228 236 239 237 246 233 212 214 238 242 239 229 237 245 245 242 222 216 221 226 191 193 199 199 199 199 197 189 188 196 190 201 207 225 231 221 211 211 211 213 213 212 197 188 179 204 207 226 215 191 167 164 158 154 146 158 166 166 148 133 124 134 159 201 210 211 208 216 222 223 228 222 211 219 215 213 220 221 213 171 153 204 250 209 190 200 204 187 205 228 236 239 245 244 244 235 223 228 223 234 209 194 210 228 242 238 233 229 232 223 222 222 214 202 199 223 227 206 188 182 178 182 183 182 182 182 202 205 240 244 235 211 203 210 208 211 213 214 214 207 224 241 247 243 242 227 206 206 191 167 164 186 196 175 164 135 145 159 204 215 213 203 206 203 203 210 211 208 202 211 211 211 218 218 214 190 204 240 215 215 218 215 210 228 226 213 219 236 232 219 219 213 211 199 181 181 171 170 179 229 234 223 228 233 226 212 197 210 208 196 200 195 238 252 212 189 190 187 187 187 187 187 206 231 235 232 221 203 203 210 203 210 220 220 219 229 236 238 245 245 239 232 228 236 233 212 201 193 182 175 178 186 204 224 231 230 215 210 218 221 215 212 203 212 196 193 202 202 203 211 218 231 235 222 213 186 224 248 248 243 237 230 220 223 221 215 220 215 198 175 170 171 188 182 200 220 183 219 216 216 219 215 203 208 201 201 202 197 195 238 243 224 214 210 210 212 208 210 211 217 209 219 212 210 210 213 203 201 220 215 218 216 216 216 228 232 223 220 220 223 222 211 198 174 170 171 178 197 216 223 232 222 220 213 220 228 221 215 210 208 189 182 200 201 203 203 208 227 225 217 187 199 222 237 239 239 248 248 246 243 231 228 228 224 206 187 187 206 206 206 210 173 168 195 191 188 194 210 220 207 220 216 211 219 227 224 234 244 227 207 213 213 211 199 196 192 201 216 199 199 208 198 199 208 203 203 210 213 210 218 213 213 211 211 211 213 202 210 190 170 171 171 171 180 194 194 194 193 199 218 229 232 221 219 214 202 175 178 202 199 183 182 175 238 235 224 209 200 207 238 232 232 223 229 244 250 249 247 243 248 245 242 232 216 211 211 193 188 190 182 183 212 190 205 241 233 213 199 208 217 223 239 241 231 229 228 221 213 202 196 189 200 199 193 175 182 182 179 206 206 207 213 211 210 210 213 213 198 183 183 199 199 202 203 201 189 188 166 161 155 161 168 178 188 196 199 195 199 198 199 199 203 191 189 197 175 168 168 168 233 229 209 200 218 229 232 228 230 231 237 243 252 254 254 254 254 254 254 247 241 247 252 227 187 175 171 179 203 210 241 251 209 183 188 204 206 218 222 238 250 243 231 236 215 203 202 189 183 163 169 171 179 204 224 237 242 226 209 193 193 199 199 210 212 175 161 162 180 192 193 199 197 189 167 165 164 164 170 179 189 192 192 174 178 188 192 189 199 203 192 181 166 155 155 161 236 215 224 230 240 240 240 240 242 235 223 232 222 222 234 234 238 244 245 250 250 251 251 250 250 227 191 188 207 231 234 194 186 204 224 209 195 200 202 194 216 234 233 241 226 212 198 175 170 167 179 200 225 240 238 237 222 198 175 169 168 180 182 193 208 188 166 153 160 168 178 182 182 192 196 200 206 206 206 207 191 172 169 170 171 172 169 182 196 201 188 168 161 154 154 154 227 241 247 247 253 248 238 232 221 209 218 175 151 160 160 176 198 194 194 210 229 235 217 217 223 232 226 214 219 222 190 200 199 194 175 166 169 188 169 204 224 224 220 217 220 215 212 191 189 193 199 216 234 209 217 199 189 188 175 170 170 168 170 171 180 192 188 167 164 158 170 168 171 182 192 193 195 199 219 226 191 155 163 163 163 159 204 216 199 173 163 150 146 150 148 137 247 254 254 254 249 232 217 208 195 206 209 168 152 157 204 203 175 171 178 183 194 195 203 198 194 199 216 219 212 183 181 180 175 166 168 169 174 177 224 234 233 215 220 230 226 218 220 199 201 201 197 202 193 175 171 178 192 188 175 179 175 166 161 160 160 169 182 188 167 166 161 168 171 179 200 174 150 150 180 195 212 167 164 158 187 225 222 183 150 137 139 138 138 136 121 104 254 253 251 250 234 213 210 207 200 229 175 186 186 206 217 190 161 150 150 150 150 163 169 192 179 189 205 208 208 190 184 186 178 186 184 167 177 217 205 226 228 222 195 181 181 195 216 212 193 193 193 175 163 160 179 200 207 202 174 172 163 150 154 146 146 150 160 162 169 166 161 161 169 182 193 174 152 133 131 162 194 189 189 204 218 209 172 136 132 138 137 123 120 104 91 43 249 250 249 209 199 203 203 231 241 242 241 241 237 232 210 173 140 139 137 123 139 146 147 207 189 180 224 175 180 181 182 180 180 181 195 230 226 224 220 183 151 142 145 139 146 160 162 180 207 191 189 184 167 186 203 210 199 172 150 154 139 139 146 147 146 146 139 139 160 166 154 150 150 150 150 150 154 139 133 131 143 162 169 194 173 148 128 131 136 123 120 98 79 70 64 32 251 235 215 210 199 202 208 218 229 251 251 235 209 195 193 185 135 123 122 119 136 136 177 173 143 151 205 191 166 168 171 164 164 155 170 205 240 227 191 137 131 137 136 133 136 136 136 136 141 162 181 204 214 199 211 198 165 152 146 138 123 128 147 155 146 146 138 138 143 150 148 139 138 138 136 123 131 138 138 137 136 128 141 142 139 138 136 121 104 91 84 82 75 67 59 63 240 236 217 183 169 180 193 207 212 194 173 180 161 160 163 195 227 152 125 131 128 134 212 133 132 157 225 209 174 161 176 205 185 153 158 178 195 223 227 184 133 128 123 130 123 117 117 120 133 134 204 217 181 206 208 198 182 171 166 153 135 132 147 155 148 139 139 138 133 129 138 146 139 127 113 117 128 131 138 123 122 122 123 120 120 122 115 114 95 95 95 89 84 76 63 83 222 194 173 137 147 170 207 228 173 177 185 186 153 138 142 177 238 247 187 165 157 225 151 144 158 205 209 151 143 143 160 195 219 214 190 174 151 143 195 215 185 135 124 117 120 109 109 114 134 179 151 157 212 173 169 166 174 163 151 162 166 146 147 154 148 136 131 146 139 132 131 139 146 133 115 117 128 131 123 117 117 117 110 112 134 145 152 139 122 104 91 78 79 75 82 118 173 137 137 123 156 207 247 209 142 143 143 173 196 165 184 204 216 222 222 217 217 151 135 158 179 193 172 147 138 139 147 178 195 217 209 151 133 132 142 162 201 190 167 135 125 112 119 144 140 121 156 198 162 159 171 163 150 136 123 122 130 146 146 146 139 138 131 137 139 138 132 138 143 148 125 117 122 117 105 110 117 113 134 159 184 172 121 104 86 65 62 75 88 83 101 144 142 138 138 133 159 241 251 173 139 135 147 155 177 222 194 173 154 162 162 194 230 224 185 166 160 151 148 150 146 143 162 169 170 186 187 165 152 139 136 132 130 162 172 170 151 127 120 104 94 134 160 150 163 142 136 137 136 122 113 104 104 116 122 130 137 139 133 132 138 139 139 138 138 138 139 126 112 99 91 101 119 156 204 209 151 107 96 89 88 82 82 85 76 81 118 159 152 153 153 157 224 253 234 185 164 159 165 158 166 169 164 159 186 184 165 153 147 162 180 181 161 158 179 187 186 186 187 187 225 223 209 183 190 165 152 135 133 132 121 140 142 132 125 128 130 142 143 142 107 96 118 132 132 122 114 88 74 77 87 110 122 129 138 133 129 129 131 139 138 139 139 133 115 108 96 108 144 205 173 140 112 108 99 89 96 89 88 76 76 81 119 159 189 167 204 225 241 244 215 201 191 179 198 200 191 171 204 225 233 214 206 224 183 164 165 157 157 153 146 143 162 163 181 194 194 196 206 224 230 230 214 206 185 165 135 94 120 122 132 131 136 129 121 109 99 118 134 136 120 104 117 114 83 75 83 101 110 117 130 123 123 122 122 130 138 139 139 133 132 124 115 129 154 142 121 114 122 104 91 89 90 79 71 67 74 100 144 168 224 230 236 238 234 222 223 226 191 167 171 200 190 204 240 235 231 223 217 195 187 224 236 229 238 233 224 191 186 186 186 204 230 230 240 237 233 231 231 230 215 207 208 186 165 152 135 124 114 98 96 99 115 128 123 106 71 77 101 122 124 95 114 114 99 105 105 110 113 110 110 111 123 129 129 131 129 122 128 131 136 124 125 121 105 89 96 89 77 69 74 75 80 118 158 161 239 244 231 215 183 180 182 181 168 177 225 226 230 240 232 222 211 206 224 231 231 235 222 229 236 236 236 238 232 229 238 238 244 248 245 245 240 237 237 237 237 236 220 218 213 213 210 203 187 184 165 157 157 135 125 92 83 95 84 101 122 131 132 121 91 87 79 86 90 85 96 91 87 101 110 120 120 110 116 120 116 120 120 110 98 91 90 84 69 75 75 82 81 119 158 166 222 223 209 172 161 159 171 164 187 225 237 232 223 209 195 206 224 240 245 239 235 242 171 228 229 229 232 228 228 229 237 237 237 246 246 246 246 246 246 243 242 237 226 221 213 213 210 203 211 211 218 219 221 226 224 191 165 125 114 88 87 116 131 115 92 59 68 69 83 89 77 65 58 51 70 84 87 90 87 90 84 78 71 71 74 74 74 69 75 82 83 83 97 119 158 171 169 180 151 159 190 163 204 225 241 246 235 226 203 204 224 231 244 242 240 242 242 209 170 210 232 221 216 216 199 199 216 228 242 246 247 252 247 247 247 246 242 236 229 221 215 213 210 210 211 210 211 213 217 219 228 226 223 219 187 135 92 80 101 105 99 73 63 96 99 79 52 43 42 38 48 51 61 70 70 67 66 57 57 62 69 74 74 75 83 89 96 97 101 131 176 189 177 149 141 194 198 176 225 244 244 245 243 237 231 237 235 238 242 239 248 244 234 142 177 205 216 213 198 183 181 180 194 219 238 245 248 252 252 252 252 252 246 242 236 226 215 213 212 210 211 211 216 217 219 228 221 215 217 223 207 218 185 125 88 96 86 89 83 96 79 64 38 29 31 38 40 41 50 59 57 72 74 75 82 83 83 83 83 83 85 96 97 99 118 156 200 203 197 139 146 158 154 177 238 239 239 238 239 237 242 222 219 241 246 249 246 244 173 144 166 203 212 198 171 143 143 142 162 205 223 238 248 247 253 253 253 253 249 242 233 228 220 213 211 210 210 213 213 213 218 218 220 220 220 221 221 220 210 212 152 92 70 62 64 51 43 31 25 27 31 38 41 41 45 47 47 57 74 84 87 96 96 96 97 99 99 99 105 109 134 176 205 214 190 153 187 206 187 167 180 195 217 223 217 217 194 200 231 245 246 248 247 232 166 130 178 202 199 175 149 91 157 106 103 163 199 219 238 245 248 253 254 253 252 242 236 229 220 215 213 210 213 213 213 213 213 218 218 220 220 220 221 220 218 213 219 165 73 34 39 34 35 33 32 33 40 44 47 56 62 72 73 73 82 82 89 96 99 99 99 108 110 108 108 119 158 200 218 215 212 177 237 239 238 227 191 165 168 163 168 167 204 225 239 246 246 246 250 227 166 107 162 192 200 169 106 144 142 64 102 164 180 210 223 236 245 253 254 254 253 244 236 236 226 221 220 215 213 213 213 213 213 213 218 218 220 220 220 221 215 218 212 195 165 93 44 46 47 47 57 62 72 72 73 82 83 96 96 97 95 97 99 99 99 99 99 108 108 109 118 145 179 207 221 230 183 205 242 243 243 245 244 227 224 206 224 241 244 246 243 248 248 248 248 227 149 114 119 178 174 155 83 212 93 60 156 193 177 196 199 229 238 248 253 254 253 242 236 236 229 228 226 221 220 215 213 213 213 213 218 218 220 220 220 228 221 217 219 191 216 185 114 73 82 83 83 83 96 96 97 99 99 108 108 109 109 109 108 108 108 109 112 112 113 124 145 179 205 220 219 223 190 218 235 241 247 249 236 241 246 248 248 246 246 248 248 246 250 249 247 227 165 122 101 143 169 148 102 149 78 102 204 207 193 179 189 209 229 244 250 253 249 239 229 236 236 229 226 221 213 213 213 213 213 213 213 218 218 221 221 221 221 221 215 210 202 202 167 114 96 98 96 98 99 99 108 108 109 109 112 115 124 124 124 125 125 125 125 125 134 156 177 201 210 218 221 229 230 226 213 223 234 233 237 247 247 247 248 248 246 247 248 248 247 252 253 246 191 121 79 119 150 148 102 126 43 119 177 219 227 173 169 169 195 223 244 244 244 233 228 229 233 229 228 221 213 213 211 208 210 211 213 218 218 220 221 221 221 220 213 208 197 197 189 184 124 100 104 101 99 99 124 125 134 135 145 152 153 157 164 165 165 165 165 165 184 179 197 202 203 211 218 228 239 240 241 230 230 241 252 252 252 252 249 248 247 248 248 252 252 253 249 245 212 106 76 100 136 121 102 126 22 94 116 162 206 175 169 161 169 218 237 236 232 221 219 228 229 228 228 221 215 211 203 198 202 210 213 213 220 220 221 220 218 213 208 202 196 189 192 193 184 114 99 108 109 108 130 158 176 187 200 200 200 200 201 201 201 201 201 201 197 197 197 197 202 210 211 219 229 238 245 252 251 253 251 253 253 252 252 249 249 248 250 252 252 253 252 247 227 127 65 61 103 111 102 106 60 121 103 115 194 174 129 148 141 195 222 217 220 211 213 219 228 228 221 221 215 212 202 189 197 203 210 213 220 220 220 220 213 211 203 197 189 182 188 196 192 165 126 108 108 109 116 141 162 193 196 210 210 210 203 203 203 202 202 202 196 193 192 193 197 203 210 218 236 237 246 253 253 253 253 253 253 253 252 252 249 249 253 253 254 249 244 244 231 149 56 43 80 87 33 92 23 34 37 106 102 149 118 137 131 177 211 193 192 210 220 228 229 228 228 221 212 202 189 182 178 189 201 218 220 226 218 220 203 197 189 182 171 178 182 188 189 196 167 135 135 135 132 124 113 141 162 194 199 203 202 197 202 197 196 196 189 189 192 192 193 197 202 210 236 236 245 252 253 253 253 253 251 250 250 250 250 250 252 253 253 249 239 239 235 185 92 41 60 80 35 71 23 47 81 91 119 126 101 120 119 168 180 172 200 225 231 236 229 228 221 218 202 193 175 171 171 192 203 218 228 226 220 215 208 183 172 168 178 178 178 188 188 200 201 187 186 179 184 152 133 113 130 150 162 181 192 202 196 196 192 192 182 182 182 182 182 192 193 202 229 236 244 250 251 251 251 251 248 248 248 248 248 248 250 253 252 245 235 232 233 191 106 38 37 80 35 60 33 70 78 94 123 115 108 105 119 160 151 159 207 241 242 236 229 226 213 208 192 175 166 168 168 179 201 219 228 228 228 213 173 142 140 176 188 188 188 188 189 196 202 203 188 182 192 188 165 135 144 147 138 141 169 192 188 182 182 182 178 171 171 171 171 178 182 192 228 229 238 248 248 248 248 248 248 248 246 246 245 245 248 252 249 244 233 228 222 198 127 64 24 80 73 36 43 60 101 129 104 115 101 90 119 139 141 204 243 249 242 236 229 221 212 202 182 170 161 155 170 179 205 228 236 236 221 198 149 106 119 200 201 201 197 196 192 196 205 214 206 190 171 182 178 185 179 184 165 152 160 178 182 178 178 171 171 170 170 168 168 170 171 182 218 228 236 238 244 244 244 244 244 244 239 239 237 239 239 239 244 235 232 221 211 202 164 93 32 60 82 46 36 39 86 104 86 112 98 81 128 129 176 241 252 252 246 236 226 221 214 202 175 155 155 155 176 205 224 237 239 236 226 212 165 35 156 225 215 212 203 189 188 192 202 218 215 212 190 178 178 178 182 182 175 166 158 178 171 171 170 168 168 161 155 155 155 160 168 171 210 218 228 236 239 239 239 239 238 236 233 233 236 236 236 236 235 228 221 213 202 202 174 126 46 49 96 66 33 47 45 61 66 108 86 95 117 156 241 252 253 253 249 239 229 226 213 189 174 168 170 178 204 230 240 242 237 237 236 226 227 93 156 222 218 213 208 192 178 182 200 218 221 228 215 185 171 171 171 171 171 178 174 168 161 161 155 155 155 154 150 146 148 142 150 168 214 220 228 236 236 236 236 236 229 229 228 228 228 228 228 229 232 221 220 213 198 192 166 127 73 47 100 88 67 62 55 56 61 125 83 111 144 225 251 251 250 250 244 236 228 221 215 191 185 184 186 205 230 247 246 242 237 239 242 242 209 106 144 202 211 211 203 188 171 178 200 219 228 228 228 212 175 171 171 166 168 168 161 154 154 154 154 146 139 139 137 136 123 121 123 140 221 221 228 229 229 229 229 229 228 228 221 221 220 221 221 221 221 213 211 208 198 188 170 127 95 73 100 98 75 72 66 72 81 148 99 134 204 244 247 249 248 246 242 237 236 228 226 226 230 230 226 221 243 252 247 246 242 244 246 247 173 106 119 212 198 193 199 174 168 169 192 218 229 233 221 212 188 171 171 166 166 161 155 154 154 148 139 138 136 123 122 111 104 91 87 91 221 221 228 228 228 228 228 228 228 220 213 218 218 220 220 213 213 210 208 197 189 182 174 149 126 89 97 113 106 82 74 87 144 152 157 204 236 242 245 248 245 244 242 239 229 229 229 229 233 236 226 195 245 252 249 243 242 246 247 232 148 92 102 190 199 174 180 170 161 160 179 219 236 236 226 212 188 166 171 166 161 155 154 154 146 139 138 129 123 117 109 98 89 76 66 66 221 221 221 228 221 221 221 219 218 211 210 210 211 213 213 211 208 203 202 192 182 166 155 148 133 95 97 119 132 124 95 108 156 206 206 225 240 244 244 244 244 239 239 237 237 237 236 236 237 232 221 126 162 251 245 245 239 244 247 198 127 78 102 194 190 166 160 168 149 143 177 219 237 236 226 208 175 151 162 161 155 155 155 155 146 139 138 132 123 115 109 99 89 76 66 66 220 220 221 221 220 220 213 211 210 203 203 203 203 210 208 208 202 196 189 182 174 166 154 146 138 125 115 134 158 164 152 157 177 219 237 235 242 245 242 239 239 239 237 236 237 237 237 237 238 226 218 152 134 195 239 239 238 239 244 172 127 34 102 143 193 174 148 142 123 130 176 219 237 233 213 198 166 137 131 143 154 154 155 155 154 146 138 136 123 117 109 98 89 76 66 66 220 220 220 221 220 213 210 210 203 202 202 203 202 203 203 202 197 189 188 175 168 161 148 139 138 133 132 147 169 200 207 207 230 240 237 240 239 245 242 242 239 239 237 236 237 242 243 243 243 243 215 202 187 187 222 236 235 238 234 149 107 28 60 141 182 166 138 120 107 118 176 218 236 232 208 175 149 121 110 130 137 139 143 154 146 139 138 129 122 115 108 98 89 76 66 66 211 213 218 220 213 213 213 203 203 202 197 196 196 196 197 197 197 189 188 171 166 161 148 138 131 136 131 147 169 200 219 238 252 254 254 254 254 252 252 252 246 245 242 239 243 247 252 254 253 249 226 183 180 199 201 209 209 195 209 136 106 73 44 119 170 149 127 91 88 100 159 219 223 213 198 172 136 106 84 101 122 123 131 136 139 137 136 129 117 112 105 91 85 84 75 66 210 210 213 218 213 213 213 203 202 197 196 189 196 196 197 197 189 188 182 171 161 155 139 138 131 129 129 139 160 180 195 223 250 251 251 251 251 251 251 251 250 248 245 245 238 238 245 250 235 235 209 172 123 141 151 140 140 143 172 121 78 80 43 103 162 149 121 79 71 80 141 193 208 198 172 137 120 91 67 86 101 110 116 122 123 123 122 122 113 105 98 85 84 84 77 75 203 203 210 211 213 211 210 203 202 197 197 197 196 196 197 197 196 189 188 171 166 155 139 138 129 123 122 128 130 141 151 180 195 209 216 217 217 217 217 217 217 217 217 217 216 216 216 217 208 199 173 127 91 101 91 71 86 119 158 126 92 61 64 100 130 126 105 76 68 68 119 169 193 175 149 121 91 77 66 68 80 90 97 104 110 110 110 110 104 91 85 84 85 82 82 82 202 203 203 210 210 210 208 202 197 196 196 196 196 196 197 197 197 196 188 175 161 154 138 138 123 122 117 117 117 122 123 131 150 162 162 163 169 180 180 172 163 180 180 181 180 180 180 180 172 172 149 107 79 86 78 58 100 156 204 152 65 47 35 60 144 127 91 67 66 63 100 141 174 161 148 107 89 82 67 58 61 71 77 84 91 91 91 91 90 85 77 82 85 96 97 95 196 197 202 203 202 202 202 189 192 182 182 192 192 196 197 197 196 196 188 174 154 139 138 129 122 113 109 108 105 110 110 116 122 123 130 130 136 136 136 136 123 130 140 142 137 137 142 150 150 150 137 106 76 74 64 61 103 177 244 126 52 60 34 49 119 126 91 61 59 63 86 119 160 149 127 104 89 76 59 55 54 59 68 69 77 77 77 77 77 74 76 84 83 99 109 117 196 196 197 197 197 196 192 182 178 171 171 178 182 196 197 201 197 196 188 166 149 138 136 122 117 109 105 98 97 99 91 91 90 86 87 98 98 98 104 104 91 98 104 104 105 110 116 122 123 123 107 90 76 68 52 60 70 118 173 78 41 60 34 60 118 106 79 59 66 68 74 101 130 142 120 98 89 76 59 54 52 54 59 68 68 68 68 68 68 68 67 80 96 109 117 132 196 196 196 196 189 182 182 171 171 168 170 171 182 192 197 202 202 192 175 161 148 136 123 117 112 105 98 90 90 90 78 70 58 58 68 77 84 84 84 85 85 85 84 84 85 87 90 97 99 104 88 77 65 48 55 54 61 69 105 64 45 42 17 60 105 88 76 55 54 59 74 96 110 120 109 91 84 76 59 53 52 54 58 59 68 59 59 58 55 59 66 80 96 111 128 146 196 196 196 196 188 175 171 170 168 161 161 170 171 182 192 192 192 174 161 148 136 123 122 113 105 91 85 77 77 65 43 34 45 56 63 74 75 75 82 82 82 82 82 82 77 84 77 84 85 90 76 65 27 39 34 49 64 80 84 64 43 17 8 60 90 76 59 62 62 66 80 96 101 109 104 89 77 67 59 52 52 54 54 58 58 58 53 52 54 62 68 80 101 117 131 147 196 196 196 189 188 171 166 161 155 154 160 161 168 171 171 171 171 166 149 139 132 122 113 109 98 76 71 65 58 42 36 39 45 54 61 67 69 77 75 77 84 84 77 75 75 75 69 66 71 67 74 64 23 34 37 59 59 63 82 73 35 3 4 60 72 64 54 63 66 66 74 85 97 99 98 85 77 67 59 43 45 45 52 53 53 53 53 53 50 54 59 80 101 117 131 147 196 196 189 189 175 170 166 155 154 146 147 154 168 170 168 168 161 154 148 138 123 117 112 105 88 52 51 55 42 29 26 30 48 59 59 58 68 75 75 82 82 82 77 75 84 77 74 69 63 72 69 55 40 44 62 72 72 80 89 88 52 12 10 60 76 45 60 69 66 66 74 85 96 96 89 84 76 67 59 45 45 45 52 52 52 52 52 52 50 54 59 80 96 116 123 130 192 192 192 189 175 170 161 154 154 148 139 147 161 168 161 155 154 148 139 136 122 113 112 104 65 34 37 52 38 29 26 30 36 59 55 54 63 75 82 88 89 85 82 75 77 74 69 68 74 75 77 66 57 62 75 75 82 85 85 84 64 13 10 49 58 56 72 67 69 69 75 84 96 96 89 84 76 59 55 45 45 45 45 52 45 45 45 45 50 50 59 61 77 87 104 104 182 182 182 188 174 168 155 146 146 138 131 139 154 154 154 154 148 139 136 122 115 113 109 78 43 19 36 42 31 25 26 26 22 59 53 57 63 75 83 96 96 89 85 82 82 75 74 69 67 70 68 68 80 83 83 88 84 85 89 83 65 13 10 37 54 63 74 74 69 69 75 84 90 85 84 77 66 55 52 43 45 45 45 45 45 45 45 45 45 45 58 60 59 70 77 76 178 178 178 178 166 155 154 139 139 136 131 131 139 146 146 146 139 138 123 117 111 109 91 64 28 10 37 34 17 16 17 23 23 52 49 59 63 84 96 99 99 99 98 96 89 89 82 82 72 62 62 74 84 85 89 96 96 89 82 96 73 13 22 44 62 74 77 74 74 74 75 82 84 84 76 66 58 43 44 45 45 45 45 45 45 45 45 45 44 45 50 53 55 53 52 45 169 169 174 168 161 154 148 138 136 129 123 129 136 136 137 136 136 129 122 113 109 105 78 34 3 22 34 24 18 14 47 57 44 66 46 63 69 84 96 99 109 109 108 99 99 98 96 96 89 82 74 75 84 85 96 97 96 89 89 96 79 12 23 62 75 75 77 74 74 74 75 84 77 77 67 59 43 38 44 45 45 45 45 45 45 45 45 45 44 45 45 50 52 52 45 45 154 160 161 154 150 139 138 129 123 122 122 122 128 128 128 128 123 123 122 112 112 104 64 13 3 37 28 8 20 33 81 95 57 70 58 61 69 83 96 108 109 113 112 108 108 108 99 99 96 88 82 82 83 89 96 96 96 89 85 76 65 12 37 75 77 75 74 74 74 69 74 77 74 67 58 50 41 38 45 45 45 45 45 45 45 45 45 45 45 45 45 45 45 45 45 45 136 139 139 139 137 136 123 122 122 122 117 122 122 122 122 122 122 117 117 112 109 88 35 3 10 38 12 23 17 37 70 101 92 62 66 56 74 83 97 108 111 117 115 109 112 112 108 108 99 96 89 89 89 89 96 90 90 89 89 76 66 33 63 74 74 74 74 69 69 68 69 74 66 58 43 38 41 41 45 41 45 45 45 45 45 45 45 45 45 45 45 45 45 45 45 45 122 128 129 129 129 123 122 117 117 117 117 113 117 117 117 117 113 113 113 109 105 78 13 2 22 38 3 34 7 60 70 57 98 66 71 64 69 85 97 108 113 117 117 113 112 109 109 108 108 99 96 96 96 89 89 96 89 85 77 75 76 66 62 69 68 69 69 66 66 66 69 69 52 38 48 43 41 41 44 45 44 45 45 45 45 45 45 45 45 45 45 45 45 45 45 45 108 111 117 117 117 117 117 113 111 111 111 109 111 111 111 111 113 113 112 109 98 43 6 4 23 34 22 28 22 17 22 88 102 78 60 63 74 83 97 108 111 113 117 117 113 112 109 109 108 99 98 96 96 89 89 96 89 85 77 75 74 72 69 69 69 66 68 68 68 69 65 51 43 31 38 38 41 41 44 45 41 41 45 45 41 45 45 45 45 45 45 45 45 45 45 45 108 109 111 113 111 111 111 111 109 109 108 108 108 109 111 111 111 111 109 105 79 29 3 10 44 35 37 34 22 32 47 51 81 64 61 74 75 83 99 108 109 111 117 117 113 113 112 109 108 99 98 96 96 89 89 90 85 84 77 75 74 74 74 69 67 66 66 68 59 59 52 38 38 38 38 38 38 39 39 41 38 39 41 41 41 41 45 45 45 45 45 45 45 45 52 53 105 105 105 105 108 105 105 105 105 105 99 99 99 105 108 108 108 108 105 99 64 12 6 23 43 34 37 28 10 49 51 63 114 64 63 75 75 87 99 108 109 111 113 113 113 112 109 109 108 99 96 96 96 89 85 85 84 84 77 77 74 67 69 69 68 69 66 59 52 43 34 30 27 31 31 31 38 38 38 38 38 38 39 41 41 41 44 45 45 45 45 45 45 45 53 54 98 99 99 99 99 99 99 99 99 99 99 99 98 99 99 105 108 104 108 91 35 5 22 47 45 28 23 35 1 60 83 111 90 52 74 69 84 96 108 111 109 111 113 117 113 112 109 108 105 99 96 89 89 85 85 84 77 77 77 77 69 75 67 69 67 59 59 57 43 24 26 25 21 26 30 31 31 31 31 38 38 38 38 41 41 41 41 44 41 44 45 52 45 54 54 59 98 98 98 98 98 98 98 98 99 98 98 98 96 97 98 98 99 98 99 78 28 4 23 63 59 35 23 43 3 37 87 91 65 45 68 69 77 97 108 109 108 111 113 117 111 109 108 105 98 98 90 85 85 84 84 77 77 77 74 74 69 74 67 68 66 62 58 51 17 9 16 16 19 24 26 27 30 30 31 31 38 38 38 38 38 38 39 39 41 44 45 45 52 53 54 55 96 96 97 98 98 98 98 98 98 96 96 96 96 97 98 97 97 98 98 64 29 7 49 66 66 35 20 37 12 4 37 53 52 47 59 74 82 97 108 109 109 109 111 113 105 104 99 98 90 90 84 84 77 77 77 74 69 69 69 69 68 67 59 68 66 58 34 8 5 8 9 9 9 16 18 19 24 24 26 25 27 30 31 31 31 38 38 38 41 41 45 45 52 53 53 53 90 96 96 96 96 96 96 96 96 96 89 89 96 90 90 90 96 96 91 43 28 10 60 67 63 55 28 23 28 3 4 37 43 60 59 74 84 97 108 111 109 109 108 108 99 98 96 90 85 84 77 75 74 74 69 67 69 68 66 68 66 66 58 62 52 25 8 4 4 4 3 4 5 6 9 13 16 18 18 19 24 24 26 26 31 31 31 38 38 39 44 45 53 52 52 52 87 89 85 96 89 89 89 89 89 89 85 85 84 85 85 85 89 96 89 64 24 22 60 75 67 59 35 14 18 12 1 22 45 54 63 82 89 97 99 109 112 109 105 99 98 96 89 85 77 77 74 74 69 67 66 68 67 59 62 59 68 59 58 51 34 3 7 9 6 6 5 4 5 4 4 3 5 8 9 11 16 16 19 19 26 26 30 31 38 38 39 39 45 45 45 45 84 85 89 96 90 90 90 90 89 85 85 84 84 84 84 84 85 85 87 73 13 11 60 75 67 59 43 32 20 12 7 20 45 57 69 83 89 97 99 108 108 104 98 91 90 85 84 77 74 71 67 68 68 59 59 59 58 54 59 59 54 51 42 19 8 14 13 9 6 6 5 5 4 4 4 3 4 4 5 5 5 8 9 9 21 24 26 27 31 31 36 38 36 38 38 39 68 80 89 85 85 85 85 85 85 84 84 77 77 77 77 77 77 84 84 79 13 10 49 69 67 62 53 41 33 21 23 40 56 63 82 85 96 96 98 99 98 98 90 85 84 77 67 68 68 59 59 58 55 54 53 52 52 50 54 52 42 25 17 9 14 13 8 7 6 6 7 7 6 6 5 4 4 4 4 5 6 7 7 9 18 20 21 24 27 30 30 30 30 31 38 40 52 80 89 77 84 84 84 84 84 84 77 75 75 77 74 74 76 80 76 67 28 10 37 63 66 69 64 41 45 47 47 57 63 82 83 89 96 96 96 96 96 89 84 77 74 67 59 59 58 55 53 52 52 52 45 45 41 41 45 38 19 12 7 9 12 9 9 7 5 6 7 9 9 7 7 7 7 7 7 7 14 14 15 20 20 20 21 21 26 26 30 30 31 38 44 45 94 94 114 92 77 84 85 77 84 77 77 74 69 69 69 69 74 74 69 69 52 21 23 54 66 66 56 62 59 57 62 69 75 75 82 82 84 87 90 85 77 76 67 59 59 58 52 50 42 42 39 42 42 42 38 38 36 36 25 12 7 9 6 9 13 12 12 12 9 15 18 18 13 13 16 16 18 12 7 14 16 16 9 16 21 21 24 24 21 26 30 36 38 39 45 50 101 141 165 135 95 73 67 68 68 68 68 68 67 68 59 59 68 68 59 59 55 46 44 45 58 68 59 58 59 62 69 74 77 77 84 84 84 77 76 69 74 67 59 54 52 45 42 31 38 31 31 38 27 27 25 25 16 5 5 9 13 5 5 5 9 9 12 12 14 13 13 9 8 9 9 9 13 14 15 20 15 7 4 10 18 21 21 24 21 26 30 36 38 38 31 31 95 87 141 172 133 114 73 52 52 52 51 51 50 50 50 52 54 54 58 58 53 53 52 45 56 62 59 57 59 68 69 69 71 71 71 77 77 71 67 68 68 58 43 42 36 31 25 25 19 19 19 19 19 17 9 5 9 15 15 18 6 2 2 2 8 9 9 14 13 9 6 5 5 6 8 8 9 16 18 19 18 12 6 14 16 18 18 18 21 26 30 36 38 31 25 19 116 107 144 165 139 126 95 64 45 41 38 38 41 41 38 38 39 39 42 42 39 42 42 45 50 50 48 51 58 59 59 58 59 59 59 68 59 58 52 42 36 25 17 16 5 5 4 4 7 9 12 7 5 5 5 6 9 16 16 8 4 4 3 4 6 8 9 14 12 6 4 4 5 6 7 7 8 11 13 13 16 13 12 16 13 13 16 18 21 26 30 36 31 29 24 18 60 128 145 189 152 133 108 92 94 73 73 35 27 31 38 28 27 25 26 34 27 36 36 31 31 36 39 42 42 42 48 51 48 51 48 42 34 27 25 19 19 21 3 0 1 1 2 4 15 16 9 2 2 2 4 4 9 14 12 7 7 7 7 7 14 12 5 5 4 4 5 6 4 6 7 9 12 9 9 9 14 13 13 9 5 5 5 5 8 16 17 27 26 24 18 21 26 102 155 163 161 148 115 101 91 101 109 73 16 24 25 33 21 28 8 9 9 8 8 8 8 8 16 16 19 17 17 17 19 17 8 8 8 15 20 23 23 32 3 0 1 4 10 20 16 9 3 2 4 4 4 6 9 9 9 7 9 9 14 15 20 13 5 4 4 5 6 6 7 7 14 14 14 9 9 14 15 13 9 5 4 2 1 0 1 2 2 8 8 8 11 26 30 60 141 149 130 137 115 101 73 49 100 114 32 22 18 39 21 30 12 7 7 6 3 2 4 4 4 4 7 6 5 4 5 3 2 2 4 11 19 31 25 17 2 4 7 9 9 16 8 6 7 14 7 7 14 14 14 12 9 7 7 9 9 13 9 13 9 14 7 7 7 9 14 14 15 20 21 20 20 21 18 13 9 7 4 2 1 0 0 0 0 0 1 1 4 16 23 60 128 136 103 127 109 108 92 34 81 132 92 26 15 44 46 47 46 33 33 33 32 15 7 7 7 7 15 14 14 14 21 20 14 7 2 4 11 16 13 3 4 7 13 12 9 7 5 5 5 8 14 14 20 21 18 12 9 14 14 14 14 12 9 14 9 11 12 14 14 14 14 15 20 21 21 18 20 21 18 13 14 15 7 5 3 2 1 1 0 0 1 1 1 1 104 91 119 132 97 113 96 110 92 35 60 147 93 23 46 94 79 73 95 89 73 65 80 82 46 15 14 26 30 46 56 57 57 56 47 46 40 32 14 7 8 7 3 7 18 13 12 9 5 7 11 14 18 16 13 14 12 15 33 33 33 33 32 20 15 18 13 20 18 15 20 26 30 33 33 28 18 9 11 18 18 19 18 18 16 16 15 15 7 7 3 1 1 0 0 0 70 51 100 130 106 103 106 97 106 46 60 158 126 81 111 111 125 135 132 107 91 55 86 115 124 92 46 46 82 95 95 79 51 42 51 70 83 46 69 47 33 14 21 12 18 18 13 12 5 7 9 13 16 20 23 33 46 73 73 74 68 69 72 47 33 28 15 15 20 23 33 38 36 44 47 33 18 14 15 15 20 21 21 21 15 21 32 33 33 33 32 20 7 3 1 1 47 56 51 103 126 97 104 97 101 92 60 159 127 97 108 134 178 175 149 106 70 83 72 119 144 135 93 81 113 124 107 34 32 32 20 47 81 91 92 80 109 93 32 14 18 18 13 12 10 15 14 15 23 47 57 83 89 84 65 34 27 48 61 71 73 57 46 32 33 40 38 31 26 37 54 53 32 28 32 32 26 26 21 28 46 47 56 55 52 53 45 46 33 32 15 3 53 48 43 61 118 114 98 98 97 108 95 156 127 101 118 141 150 142 106 51 58 100 95 86 130 139 133 97 117 121 78 47 45 54 83 95 64 44 70 95 100 131 114 32 18 13 12 9 11 26 33 47 73 88 96 78 61 89 34 22 30 31 48 63 77 75 73 66 45 41 40 38 33 40 50 53 44 44 44 41 33 46 47 72 72 59 52 42 39 48 53 54 59 53 33 21 34 29 30 49 61 116 115 98 91 110 113 130 127 110 110 130 121 78 29 25 48 80 116 92 101 117 130 126 110 91 82 65 81 114 124 78 40 33 33 61 105 118 123 92 33 28 15 15 29 40 57 100 114 104 78 40 81 64 26 32 32 33 39 61 65 70 84 76 57 56 52 52 52 41 45 45 45 62 73 73 73 82 77 71 58 52 43 38 40 41 39 50 59 68 66 46 21 26 36 41 62 65 100 122 114 95 101 108 120 99 112 116 78 36 33 21 26 60 86 98 87 91 97 130 89 83 88 83 118 129 107 43 44 44 57 47 81 111 117 106 73 35 28 33 40 39 100 134 121 78 38 80 88 47 57 60 57 56 46 45 57 47 50 61 82 73 62 56 45 47 56 62 82 83 96 96 96 89 76 59 53 52 47 46 41 41 38 39 42 51 68 68 28 24 30 45 43 63 43 49 86 90 84 78 81 106 78 71 64 23 43 28 29 36 61 70 67 72 77 86 90 85 77 100 115 91 43 60 81 94 95 77 65 70 116 117 95 73 46 38 27 60 119 121 65 36 63 97 95 99 76 67 68 69 72 72 68 66 53 54 71 87 89 82 62 72 82 96 98 105 108 99 98 89 76 58 53 52 50 43 41 41 38 38 40 44 50 59 24 21 26 36 50 69 56 40 51 51 70 70 65 70 60 65 34 24 37 35 25 23 36 50 61 65 51 65 61 65 80 79 70 53 56 81 125 107 78 35 27 25 49 86 110 99 73 46 44 103 107 43 44 62 87 111 91 70 62 64 58 68 84 77 73 66 53 52 59 80 87 96 96 89 96 90 96 96 91 84 87 96 88 73 72 57 47 44 41 41 38 44 48 52 50 59 32 32 30 36 48 68 66 47 52 50 52 47 57 66 64 34 22 36 30 31 29 24 26 27 39 39 38 31 31 48 51 50 46 62 101 120 91 79 64 28 30 40 44 40 61 86 91 76 81 104 73 73 72 80 97 91 68 66 62 58 58 59 74 84 88 75 72 56 57 63 83 96 104 97 98 90 79 76 67 59 51 51 70 86 84 75 66 56 47 47 45 45 54 54 57 62 44 47 46 32 44 58 58 58 45 41 48 51 42 34 25 18 21 25 19 26 29 21 21 21 27 30 31 31 33 40 44 44 61 86 91 65 54 43 32 36 39 50 55 47 40 42 48 51 71 78 71 78 71 71 70 68 69 75 67 55 54 62 69 71 84 96 89 73 72 75 84 85 85 85 78 65 53 52 54 52 40 38 37 51 77 77 76 67 54 53 52 45 52 53 58 68 39 50 62 57 41 41 38 38 39 45 46 33 46 46 47 53 32 21 20 21 19 19 24 26 26 26 27 31 42 42 42 48 45 51 53 46 52 46 42 35 40 38 48 59 44 47 46 46 56 57 45 42 50 52 45 61 75 74 67 59 59 59 59 59 68 86 90 85 85 77 74 67 65 51 54 57 72 66 66 62 72 47 40 33 51 51 69 75 72 73 82 82 83 82 82 82 27 27 60 75 73 73 46 31 38 39 42 43 45 56 56 43 40 32 28 21 21 21 21 21 21 19 19 26 24 26 31 31 36 39 42 42 44 48 47 62 47 46 44 48 47 57 62 69 73 66 57 45 45 53 56 57 68 75 72 59 52 42 50 62 66 58 51 70 77 67 68 66 57 56 62 58 42 36 49 68 74 75 73 62 40 39 51 70 70 71 71 84 84 77 71 77 34 24 26 48 70 87 88 57 46 40 31 36 34 39 42 39 44 45 41 41 41 33 33 28 21 20 18 13 11 19 26 26 26 27 31 40 41 45 59 68 67 53 38 31 36 48 56 70 67 59 68 62 62 62 63 69 67 69 84 65 45 57 69 71 42 25 24 24 49 70 71 84 71 70 52 28 18 16 24 25 36 49 70 77 67 57 47 50 42 34 25 31 38 39 45 54 29 21 20 24 36 51 71 85 66 35 31 29 38 40 33 44 57 45 41 39 41 44 46 33 21 21 20 15 14 20 21 26 29 26 36 47 45 44 54 55 74 72 41 30 30 44 62 53 45 50 63 75 74 75 82 75 69 74 76 43 39 51 51 34 24 13 15 18 16 27 37 61 52 34 25 21 18 12 9 8 11 19 36 42 51 51 52 34 24 24 19 26 31 38 45 50 38 33 32 32 31 38 48 70 83 73 46 44 44 44 57 73 64 35 36 38 38 48 52 41 32 32 32 26 26 30 33 33 33 32 40 56 52 45 54 58 61 84 73 33 47 62 69 57 57 57 63 74 71 71 77 71 74 82 76 45 33 38 40 33 33 32 28 21 15 20 30 38 38 31 32 21 18 13 14 14 14 16 16 17 25 24 19 19 18 20 20 26 30 36 39 45 25 25 27 30 40 40 34 49 51 70 75 57 57 56 80 79 52 24 26 31 31 31 39 41 41 41 40 40 31 38 41 41 41 44 45 54 42 39 50 55 66 71 83 72 62 66 68 69 69 74 75 67 59 58 58 59 69 77 67 55 45 44 54 52 43 41 40 29 28 23 44 44 34 27 27 24 21 13 13 9 8 8 11 15 13 14 14 13 11 18 16 19 26 31 38 41 3 10 7 20 36 41 28 21 38 51 58 59 57 66 69 77 66 33 44 33 46 47 57 56 56 47 46 46 47 47 46 46 45 44 57 57 41 38 44 53 59 69 75 77 67 55 50 51 59 68 71 59 52 43 34 37 61 65 53 43 42 38 36 36 25 25 27 31 30 44 53 41 25 24 26 26 24 13 13 12 12 14 14 13 16 16 16 16 9 13 9 16 24 28 37 37 15 3 10 11 36 45 40 40 44 52 45 48 51 59 68 74 76 66 59 57 62 63 74 67 59 58 59 68 62 66 66 66 62 62 75 72 46 44 45 50 48 61 75 82 72 57 45 44 50 51 51 50 42 31 28 33 45 56 52 41 41 34 28 16 13 13 16 21 30 45 55 43 19 16 20 26 21 15 15 12 14 14 15 18 13 13 13 13 8 9 7 14 21 35 23 47 93 11 10 5 19 36 27 37 48 59 43 25 31 39 60 74 75 75 72 74 72 75 74 74 66 57 57 57 68 69 69 74 67 68 71 67 62 57 45 38 38 60 74 84 59 58 43 34 27 31 31 38 29 30 38 45 58 58 54 52 31 25 17 13 8 8 8 16 30 48 43 31 13 6 11 19 21 21 18 20 18 13 13 13 9 9 9 9 9 12 9 15 16 28 34 102 227 32 5 3 8 9 5 19 27 39 34 28 30 44 56 74 71 65 68 70 71 76 65 58 58 58 59 68 66 69 74 75 67 52 50 54 68 67 55 45 47 57 68 68 62 57 35 19 16 16 19 36 32 24 25 25 25 25 37 52 40 28 14 15 7 7 7 14 26 39 34 16 13 7 9 9 16 19 13 16 13 13 12 9 9 9 9 9 8 8 8 11 11 22 23 225 255 227 93 12 6 3 2 3 11 20 20 26 24 25 27 48 62 69 53 50 54 54 55 56 66 59 59 66 66 59 59 66 59 55 34 38 60 67 66 62 58 51 35 25 37 48 29 13 9 9 16 18 26 29 18 13 8 8 20 37 52 43 28 20 13 14 13 20 37 35 18 12 6 8 8 6 8 13 9 9 8 12 9 8 9 9 9 9 8 7 9 5 22 94 225 255 